{
 "cells": [
  {
   "cell_type": "markdown",
   "metadata": {},
   "source": [
    "# Long short term memory\n",
    "\n",
    "We previously explored RNNs, neural networks that are able to propagate some hidden state through a rolled out version of itself. A major problem with RNNs is exploding or vanishing gradients. Gradient clipping solves the exploding gradient problem, but the vanishing gradient problem is harder to solve. LSTMs propose a different architecture which benefits from a hidden state like RNNs, but mitigates the vanishing gradient problem. Another issue RNNs have is that the hidden state often forgets information from a while ago in the sequence and is more biased towards more recent tokens. LSTMs also address this issue with their gated structure. \n"
   ]
  },
  {
   "cell_type": "code",
   "execution_count": 305,
   "metadata": {},
   "outputs": [],
   "source": [
    "from torch import nn\n",
    "import torch \n",
    "import numpy as np\n",
    "import pandas as pd\n",
    "from torch.nn.utils.rnn import PackedSequence\n",
    "import torch.nn.functional\n",
    "from torch.utils.data import random_split\n",
    "from torchtext.data.utils import get_tokenizer\n",
    "from torchtext.vocab import build_vocab_from_iterator\n",
    "from torchtext.datasets import AG_NEWS\n",
    "from torch import nn\n",
    "from torch.utils.data import DataLoader\n",
    "from torch.nn.utils.rnn import pad_sequence"
   ]
  },
  {
   "cell_type": "markdown",
   "metadata": {},
   "source": [
    "## LSTM model defintion\n",
    "The goal here is to build a substitute for the torch.nn.rnn.lstm module. This should be able to handle packed sequences and batched data the same way the source code for that module does. For now, does not need to have multiple layers or be bidirectional."
   ]
  },
  {
   "cell_type": "code",
   "execution_count": 306,
   "metadata": {},
   "outputs": [],
   "source": [
    "class lstm(nn.Module): \n",
    "    def __init__(self, input_size, hidden_dim, output_dim=1) -> None:\n",
    "        super().__init__()\n",
    "        self.input_dim = input_size\n",
    "        self.hidden_dim  = hidden_dim\n",
    "        \n",
    "        self.forget_gate = nn.Sequential(\n",
    "            nn.Linear(input_size+hidden_dim, hidden_dim),\n",
    "            nn.Sigmoid()\n",
    "        )\n",
    "        self.input_gate = nn.Sequential(\n",
    "            nn.Linear(input_size+hidden_dim, hidden_dim),\n",
    "            nn.Sigmoid()\n",
    "        )\n",
    "        self.input_node = nn.Sequential(\n",
    "            nn.Linear(input_size+hidden_dim, hidden_dim),\n",
    "            nn.Tanh()\n",
    "        )\n",
    "        self.output_gate = nn.Sequential(\n",
    "            nn.Linear(input_size+hidden_dim, hidden_dim),\n",
    "            nn.Sigmoid()\n",
    "        )\n",
    "        self.tanh = nn.Tanh()\n",
    "\n",
    "        # this output layer can be fancier if needed by the use case\n",
    "        self.output_layer = nn.Linear(hidden_dim, output_dim)\n",
    "\n",
    "    def forward(self, x, h_in=None, c_in=None):\n",
    "\n",
    "        if isinstance(x, PackedSequence):\n",
    "            input, batch_sizes, sorted_indices, unsorted_indices = x\n",
    "            max_batch_size = batch_sizes[0]\n",
    "            if h_in is None: \n",
    "                h_in = self.init_h(max_batch_size, x)\n",
    "                c_in = self.init_h(max_batch_size, x)\n",
    "        \n",
    "            data_offset = 0\n",
    "            outputs = []\n",
    "            for batch_size in batch_sizes:\n",
    "                current_input = input[data_offset:data_offset + batch_size]\n",
    "                data_offset += batch_size\n",
    "                current_input = current_input.unsqueeze(0)\n",
    "                if batch_size < max_batch_size: \n",
    "                    h_in[:,batch_size:,:] = 0\n",
    "                    c_in[:,batch_size:,:] = 0\n",
    "                    pad_size = max_batch_size - batch_size\n",
    "                    # Create a tensor of zeros with the padding size\n",
    "                    padding = torch.zeros(1, pad_size, self.hidden_dim, device=current_input.device)\n",
    "                    # Concatenate the padding to the current input\n",
    "                    current_input = torch.cat([current_input, padding], dim=1)\n",
    "                \n",
    "                combined = torch.cat([current_input, h_in], dim=2)\n",
    "                \n",
    "                i_gate_output = self.input_gate(combined)\n",
    "                i_node_output = self.input_node(combined)\n",
    "                o_gate_output = self.output_gate(combined)\n",
    "                f_gate_output = self.forget_gate(combined)\n",
    "\n",
    "                c_out = (f_gate_output * c_in) + (i_node_output * i_gate_output)\n",
    "\n",
    "                h_out = self.tanh(c_out) * o_gate_output\n",
    "                out = self.output_layer(h_out)\n",
    "                h_in = h_out\n",
    "                c_in = c_out\n",
    "                outputs.append(out)\n",
    "\n",
    "                # Handle decreasing batch siz\n",
    "            output_packed = PackedSequence(outputs, batch_sizes, sorted_indices, unsorted_indices)\n",
    "            return output_packed, (h_out, c_out)\n",
    "        \n",
    "        else:\n",
    "            # simple non packed case\n",
    "            if h_in is None: \n",
    "                    h_in = self.init_h(max_batch_size, x)\n",
    "                    c_in = self.init_h(max_batch_size, x)\n",
    "            \n",
    "            combined = torch.cat([x, h_in], dim=2)\n",
    "                    \n",
    "            i_gate_output = self.input_gate(combined)\n",
    "            i_node_output = self.input_node(combined)\n",
    "            o_gate_output = self.output_gate(combined)\n",
    "            f_gate_output = self.forget_gate(combined)\n",
    "\n",
    "            c_out = (f_gate_output * c_in) + (i_node_output * i_gate_output)\n",
    "            h_out = self.tanh(c_out) * o_gate_output\n",
    "            out = self.output_layer(h_out)\n",
    "            \n",
    "        return out, (h_out, c_out)\n",
    "    \n",
    "    \n",
    "    def init_h(self, batch_size, x):\n",
    "        #alternatives include but not limited to Xavier/Kaiminh initialization\n",
    "        return torch.zeros(1, batch_size, self.hidden_dim, dtype=x.data.dtype, device=x.data.device)"
   ]
  },
  {
   "cell_type": "code",
   "execution_count": 307,
   "metadata": {},
   "outputs": [],
   "source": [
    "class newsLSTM(nn.Module): \n",
    "    def __init__(self, vocab_size, embed_size, hidden_size) -> None:\n",
    "        super(newsLSTM, self).__init__()\n",
    "        \n",
    "        self.encoder = nn.Embedding(vocab_size, embed_size, padding_idx=0)\n",
    "        self.hidden_size = hidden_size \n",
    "        self.lstm = nn.LSTM(embed_size, \n",
    "                           hidden_size,\n",
    "                           batch_first=True)\n",
    "        \n",
    "        self.hidden2label = nn.Linear(hidden_size, 4)\n",
    "        self.dropoutLayer = nn.Dropout(p=0.5)\n",
    "\n",
    "\n",
    "    def forward(self, x, x_len):\n",
    "        embedded = self.encoder(x)\n",
    "        x_packed = nn.utils.rnn.pack_padded_sequence(embedded, x_len, batch_first=True, enforce_sorted=False)\n",
    "        output, (h_t, c_t) = self.lstm(x_packed)  # Pass the initial hidden state 'h' to the RNN   \n",
    "        # hidden = self.dropout(torch.cat((h_t[-2,:,:], h_t[-1,:,:]), dim=1))     \n",
    "        hidden = self.dropoutLayer(h_t.squeeze())\n",
    "        \n",
    "        # Linear layer and softmax\n",
    "        label_space = self.hidden2label(hidden)\n",
    "        \n",
    "        return label_space\n",
    "    "
   ]
  },
  {
   "cell_type": "markdown",
   "metadata": {},
   "source": [
    "We repeat the exact same news classification task performed by in the bidirectionalRNN subdir"
   ]
  },
  {
   "cell_type": "code",
   "execution_count": 308,
   "metadata": {},
   "outputs": [],
   "source": [
    "train_iter = AG_NEWS(split='train')\n",
    "\n",
    "# Convert to list to enable random splitting\n",
    "train_dataset = list(train_iter)\n",
    "\n",
    "#80-20 train-val split \n",
    "train_size = int(len(train_dataset) * 0.8)  \n",
    "val_size = len(train_dataset) - train_size  \n",
    "train_data, val_data = random_split(train_dataset, [train_size, val_size])\n",
    "\n",
    "tokenizer = get_tokenizer(\"basic_english\")\n",
    "\n",
    "def yield_tokens(data_iter):\n",
    "    for text in data_iter:\n",
    "        yield tokenizer(text)\n",
    "\n",
    "VOCAB_SIZE = 5000\n",
    "\n",
    "# Build vocab based on the train_data\n",
    "train_data_iter = (text for _, text in train_data)\n",
    "vocab = build_vocab_from_iterator(yield_tokens(train_data_iter), specials=[\"<unk>\"], max_tokens=VOCAB_SIZE)\n",
    "vocab.set_default_index(vocab[\"<unk>\"])"
   ]
  },
  {
   "cell_type": "code",
   "execution_count": 309,
   "metadata": {},
   "outputs": [
    {
     "data": {
      "text/plain": [
       "(1,\n",
       " 'Damaged Wire Delays Trains En Route to RNC (AP) AP - Train service to Penn Station in New York halted Saturday afternoon, creating delays and forcing NJ Transit customers to take PATH trains into the city, officials said.')"
      ]
     },
     "execution_count": 309,
     "metadata": {},
     "output_type": "execute_result"
    }
   ],
   "source": [
    "train_data[0]"
   ]
  },
  {
   "cell_type": "code",
   "execution_count": 310,
   "metadata": {},
   "outputs": [
    {
     "data": {
      "text/plain": [
       "[2163, 1623, 4519, 0]"
      ]
     },
     "execution_count": 310,
     "metadata": {},
     "output_type": "execute_result"
    }
   ],
   "source": [
    "vocab(['word', 'probably', 'unknown', 'gibberish'])"
   ]
  },
  {
   "cell_type": "code",
   "execution_count": 311,
   "metadata": {},
   "outputs": [],
   "source": [
    "text_pipeline = lambda x: vocab(tokenizer(x))\n",
    "label_pipeline = lambda x: int(x) - 1"
   ]
  },
  {
   "cell_type": "code",
   "execution_count": 312,
   "metadata": {},
   "outputs": [
    {
     "data": {
      "text/plain": [
       "['supported']"
      ]
     },
     "execution_count": 312,
     "metadata": {},
     "output_type": "execute_result"
    }
   ],
   "source": [
    "vocab.lookup_tokens([4999])"
   ]
  },
  {
   "cell_type": "code",
   "execution_count": 313,
   "metadata": {},
   "outputs": [],
   "source": [
    "def collate_batch(batch):\n",
    "    device = torch.device('cuda:0' if torch.cuda.is_available() else 'cpu')\n",
    "    label_list, text_list, lengths = [], [], []\n",
    "    \n",
    "    # Sort the batch in the descending order\n",
    "    batch.sort(key=lambda x: len(x[1]), reverse=True)\n",
    "    \n",
    "    for _label, _text in batch:\n",
    "        label_list.append(label_pipeline(_label))\n",
    "        processed_text = torch.tensor(text_pipeline(_text), dtype=torch.int64)\n",
    "        text_list.append(processed_text)\n",
    "        lengths.append(processed_text.size(0))\n",
    "        \n",
    "    label_list = torch.tensor(label_list, dtype=torch.int64)\n",
    "    lengths = torch.tensor(lengths, dtype=torch.int64)\n",
    "    \n",
    "    # Pad sequences\n",
    "    text_list = pad_sequence(text_list, batch_first=True)\n",
    "    \n",
    "    return label_list.to(device), text_list.to(device), lengths"
   ]
  },
  {
   "cell_type": "code",
   "execution_count": 314,
   "metadata": {},
   "outputs": [],
   "source": [
    "train_loader = DataLoader(train_data, batch_size = 8, shuffle = True, collate_fn = collate_batch)\n",
    "val_loader = DataLoader(val_data, batch_size = 8, shuffle = False, collate_fn = collate_batch)"
   ]
  },
  {
   "cell_type": "code",
   "execution_count": 315,
   "metadata": {},
   "outputs": [],
   "source": [
    "batch = next(iter(train_loader))\n",
    "\n",
    "# Inspect the shape of the input data\n",
    "input_data = batch[1]  # Assuming the input data is the first element of the batch\n",
    "input_shape = input_data.shape[0]"
   ]
  },
  {
   "cell_type": "code",
   "execution_count": 316,
   "metadata": {},
   "outputs": [
    {
     "data": {
      "text/plain": [
       "torch.Size([8, 73])"
      ]
     },
     "execution_count": 316,
     "metadata": {},
     "output_type": "execute_result"
    }
   ],
   "source": [
    "batch[1].shape"
   ]
  },
  {
   "cell_type": "code",
   "execution_count": 317,
   "metadata": {},
   "outputs": [
    {
     "data": {
      "text/plain": [
       "3"
      ]
     },
     "execution_count": 317,
     "metadata": {},
     "output_type": "execute_result"
    }
   ],
   "source": [
    "len(batch)"
   ]
  },
  {
   "cell_type": "code",
   "execution_count": 318,
   "metadata": {},
   "outputs": [],
   "source": [
    "a =  torch.ones(5, 50)\n",
    "a =  torch.ones(5, 50)\n",
    "a =  torch.ones(5, 50)"
   ]
  },
  {
   "cell_type": "code",
   "execution_count": 319,
   "metadata": {},
   "outputs": [],
   "source": [
    "m = nn.Softmax(dim=1)\n",
    "input = torch.randn(2, 3)\n",
    "output = m(input)"
   ]
  },
  {
   "cell_type": "code",
   "execution_count": 320,
   "metadata": {},
   "outputs": [
    {
     "data": {
      "text/plain": [
       "tensor([[-0.4475,  0.7982, -1.0022],\n",
       "        [ 0.3404, -1.3845, -0.9180]])"
      ]
     },
     "execution_count": 320,
     "metadata": {},
     "output_type": "execute_result"
    }
   ],
   "source": [
    "input"
   ]
  },
  {
   "cell_type": "code",
   "execution_count": 321,
   "metadata": {},
   "outputs": [
    {
     "data": {
      "text/plain": [
       "tensor([[0.1980, 0.6882, 0.1137],\n",
       "        [0.6839, 0.1219, 0.1943]])"
      ]
     },
     "execution_count": 321,
     "metadata": {},
     "output_type": "execute_result"
    }
   ],
   "source": [
    "output"
   ]
  },
  {
   "cell_type": "code",
   "execution_count": 322,
   "metadata": {},
   "outputs": [
    {
     "data": {
      "text/plain": [
       "8"
      ]
     },
     "execution_count": 322,
     "metadata": {},
     "output_type": "execute_result"
    }
   ],
   "source": [
    "input_shape"
   ]
  },
  {
   "cell_type": "code",
   "execution_count": 323,
   "metadata": {},
   "outputs": [
    {
     "name": "stdout",
     "output_type": "stream",
     "text": [
      "tensor([2, 0, 2, 1, 2, 2, 2, 3], device='cuda:0')\n",
      "torch.Size([8, 73])\n"
     ]
    }
   ],
   "source": [
    "print(batch[0])\n",
    "print(batch[1].shape)"
   ]
  },
  {
   "cell_type": "code",
   "execution_count": 324,
   "metadata": {},
   "outputs": [],
   "source": [
    "LEARNING_RATE = 1e-3\n",
    "BATCH_SIZE = 128\n",
    "NUM_EPOCHS = 10\n",
    "DROPOUT = 0.5\n",
    "DEVICE = torch.device('cuda:0' if torch.cuda.is_available() else 'cpu')\n",
    "\n",
    "EMBEDDING_DIM = 128\n",
    "BIDIRECTIONAL = True\n",
    "HIDDEN_DIM = 128\n",
    "NUM_LAYERS = 2\n",
    "OUTPUT_DIM = 4"
   ]
  },
  {
   "cell_type": "code",
   "execution_count": 325,
   "metadata": {},
   "outputs": [],
   "source": [
    "model = newsLSTM(VOCAB_SIZE, EMBEDDING_DIM, HIDDEN_DIM)\n",
    "model = model.to(DEVICE)\n",
    "optimizer = torch.optim.Adam(model.parameters(), lr=LEARNING_RATE)"
   ]
  },
  {
   "cell_type": "code",
   "execution_count": 326,
   "metadata": {},
   "outputs": [],
   "source": [
    "def train(model, train_loader, val_loader, loss_function, optim, epochs, device):\n",
    "    \n",
    "    for epoch in range(epochs):\n",
    "        losses = [] #group losses for loss visualization \n",
    "        running_loss = 0.0\n",
    "        model.train()\n",
    "        print(\"Epoch %d / %d\" % (epoch+1, epochs))\n",
    "        print(\"-\"*10)\n",
    "    \n",
    "        for i, batch_data in enumerate(train_loader):\n",
    "            \n",
    "            model.train()\n",
    "            (y, x, x_size) = batch_data\n",
    "            y_pred = model(x, x_size.cpu())\n",
    "            #print(f\"y_pred: {y_pred}, y_target: {y}\")\n",
    "            loss = loss_function(y_pred, y)\n",
    "            optim.zero_grad()\n",
    "            loss.backward()\n",
    "            optim.step()\n",
    "            \n",
    "            running_loss += loss.item()\n",
    "            losses.append(loss)\n",
    "            \n",
    "        model.eval()\n",
    "        val_loss = 0.0\n",
    "        print(\"Epoch: {}, train loss: {:.4f}\".format(epoch+1, running_loss/len(losses)))\n",
    "        with torch.no_grad():\n",
    "            for i, batch_data in enumerate(val_loader):\n",
    "                (y, x, x_size) = batch_data\n",
    "                y, x, x_size = y.to(device), x.to(device), x_size.to(device)\n",
    "                \n",
    "                y_pred = model(x, x_size.cpu())\n",
    "                loss = loss_function(y_pred, y)\n",
    "                \n",
    "                val_loss += loss.item()\n",
    "        \n",
    "        print(\"Epoch: {}, validation loss: {:.4f}\".format(epoch+1, val_loss/len(val_loader)))"
   ]
  },
  {
   "cell_type": "code",
   "execution_count": 327,
   "metadata": {},
   "outputs": [
    {
     "name": "stdout",
     "output_type": "stream",
     "text": [
      "Epoch 1 / 10\n",
      "----------\n",
      "output would be: tensor([[0.2109, 0.2809, 0.2106, 0.2975],\n",
      "        [0.2082, 0.2555, 0.2529, 0.2834],\n",
      "        [0.2070, 0.2783, 0.2626, 0.2521],\n",
      "        [0.1669, 0.2954, 0.2142, 0.3235],\n",
      "        [0.2084, 0.2907, 0.2304, 0.2705],\n",
      "        [0.2384, 0.2704, 0.2434, 0.2479],\n",
      "        [0.1790, 0.3185, 0.2291, 0.2734],\n",
      "        [0.1918, 0.2820, 0.2251, 0.3010]], device='cuda:0',\n",
      "       grad_fn=<SoftmaxBackward0>)\n",
      "output would be: tensor([[0.1813, 0.2672, 0.2661, 0.2854],\n",
      "        [0.2325, 0.2605, 0.2474, 0.2596],\n",
      "        [0.2020, 0.2883, 0.2423, 0.2675],\n",
      "        [0.1882, 0.2923, 0.2167, 0.3029],\n",
      "        [0.1910, 0.2935, 0.2399, 0.2756],\n",
      "        [0.1934, 0.2911, 0.2559, 0.2597],\n",
      "        [0.2324, 0.2748, 0.2410, 0.2518],\n",
      "        [0.2164, 0.2892, 0.2387, 0.2557]], device='cuda:0',\n",
      "       grad_fn=<SoftmaxBackward0>)\n",
      "output would be: tensor([[0.2033, 0.3064, 0.2343, 0.2560],\n",
      "        [0.2125, 0.2638, 0.2527, 0.2711],\n",
      "        [0.1854, 0.3212, 0.2506, 0.2428],\n",
      "        [0.2186, 0.2784, 0.2459, 0.2571],\n",
      "        [0.1756, 0.3253, 0.2452, 0.2539],\n",
      "        [0.1845, 0.3374, 0.2247, 0.2535],\n",
      "        [0.1831, 0.3221, 0.2563, 0.2385],\n",
      "        [0.2074, 0.2852, 0.2631, 0.2442]], device='cuda:0',\n",
      "       grad_fn=<SoftmaxBackward0>)\n",
      "output would be: tensor([[0.2123, 0.3201, 0.2430, 0.2246],\n",
      "        [0.1904, 0.3229, 0.2524, 0.2342],\n",
      "        [0.2014, 0.2979, 0.2484, 0.2523],\n",
      "        [0.2128, 0.3269, 0.2208, 0.2395],\n",
      "        [0.1955, 0.3075, 0.2156, 0.2814],\n",
      "        [0.2033, 0.2754, 0.2805, 0.2408],\n",
      "        [0.1920, 0.3087, 0.2367, 0.2626],\n",
      "        [0.2022, 0.3116, 0.2424, 0.2439]], device='cuda:0',\n",
      "       grad_fn=<SoftmaxBackward0>)\n",
      "output would be: tensor([[0.1905, 0.3543, 0.2269, 0.2283],\n",
      "        [0.2148, 0.3436, 0.2525, 0.1891],\n",
      "        [0.2344, 0.2803, 0.2370, 0.2483],\n",
      "        [0.2108, 0.3004, 0.2325, 0.2564],\n",
      "        [0.1820, 0.3308, 0.2639, 0.2233],\n",
      "        [0.2424, 0.3302, 0.2340, 0.1934],\n",
      "        [0.1824, 0.3406, 0.2595, 0.2175],\n",
      "        [0.2026, 0.3359, 0.2409, 0.2205]], device='cuda:0',\n",
      "       grad_fn=<SoftmaxBackward0>)\n",
      "output would be: tensor([[0.1991, 0.3053, 0.2383, 0.2572],\n",
      "        [0.1972, 0.3155, 0.2437, 0.2436],\n",
      "        [0.2075, 0.3208, 0.2403, 0.2314],\n",
      "        [0.2148, 0.2851, 0.2485, 0.2516],\n",
      "        [0.2364, 0.2604, 0.2336, 0.2697],\n",
      "        [0.1962, 0.3769, 0.2151, 0.2118],\n",
      "        [0.2331, 0.3545, 0.2292, 0.1832],\n",
      "        [0.1732, 0.3702, 0.2555, 0.2010]], device='cuda:0',\n",
      "       grad_fn=<SoftmaxBackward0>)\n",
      "output would be: tensor([[0.2387, 0.3219, 0.2320, 0.2074],\n",
      "        [0.2416, 0.2535, 0.2411, 0.2639],\n",
      "        [0.2298, 0.3162, 0.2536, 0.2003],\n",
      "        [0.2223, 0.2679, 0.2425, 0.2672],\n",
      "        [0.1911, 0.3485, 0.2603, 0.2001],\n",
      "        [0.2176, 0.3179, 0.2256, 0.2389],\n",
      "        [0.1957, 0.3198, 0.2465, 0.2379],\n",
      "        [0.1959, 0.3493, 0.2517, 0.2031]], device='cuda:0',\n",
      "       grad_fn=<SoftmaxBackward0>)\n",
      "output would be: tensor([[0.1901, 0.3666, 0.2175, 0.2257],\n",
      "        [0.2207, 0.2983, 0.2369, 0.2440],\n",
      "        [0.2086, 0.2954, 0.2564, 0.2396],\n",
      "        [0.2044, 0.3158, 0.2407, 0.2390],\n",
      "        [0.1909, 0.3771, 0.2173, 0.2147],\n",
      "        [0.2441, 0.3083, 0.2381, 0.2095],\n",
      "        [0.2181, 0.3325, 0.2329, 0.2164],\n",
      "        [0.1807, 0.3418, 0.2547, 0.2229]], device='cuda:0',\n",
      "       grad_fn=<SoftmaxBackward0>)\n",
      "output would be: tensor([[0.2493, 0.2714, 0.2315, 0.2478],\n",
      "        [0.2209, 0.3303, 0.2444, 0.2044],\n",
      "        [0.2154, 0.3300, 0.2362, 0.2184],\n",
      "        [0.2256, 0.2640, 0.2213, 0.2891],\n",
      "        [0.2066, 0.3699, 0.2078, 0.2156],\n",
      "        [0.2384, 0.3028, 0.2033, 0.2554],\n",
      "        [0.2401, 0.3299, 0.2168, 0.2133],\n",
      "        [0.2040, 0.3369, 0.2233, 0.2359]], device='cuda:0',\n",
      "       grad_fn=<SoftmaxBackward0>)\n",
      "output would be: tensor([[0.2384, 0.2111, 0.2481, 0.3024],\n",
      "        [0.2045, 0.3260, 0.2383, 0.2312],\n",
      "        [0.2118, 0.3342, 0.2318, 0.2223],\n",
      "        [0.2280, 0.3098, 0.2238, 0.2384],\n",
      "        [0.2158, 0.3348, 0.2374, 0.2120],\n",
      "        [0.2224, 0.3117, 0.2590, 0.2069],\n",
      "        [0.2289, 0.3368, 0.2336, 0.2007],\n",
      "        [0.2316, 0.3397, 0.2344, 0.1943]], device='cuda:0',\n",
      "       grad_fn=<SoftmaxBackward0>)\n",
      "output would be: tensor([[0.2044, 0.4046, 0.2083, 0.1827],\n",
      "        [0.2185, 0.3859, 0.2139, 0.1816],\n",
      "        [0.2457, 0.3115, 0.2379, 0.2049],\n",
      "        [0.2618, 0.3286, 0.2060, 0.2036],\n",
      "        [0.2208, 0.3670, 0.2275, 0.1847],\n",
      "        [0.2076, 0.2877, 0.2147, 0.2901],\n",
      "        [0.2066, 0.3454, 0.2140, 0.2340],\n",
      "        [0.2198, 0.2753, 0.2518, 0.2531]], device='cuda:0',\n",
      "       grad_fn=<SoftmaxBackward0>)\n",
      "output would be: tensor([[0.2596, 0.3074, 0.2298, 0.2032],\n",
      "        [0.2436, 0.3141, 0.2473, 0.1951],\n",
      "        [0.2205, 0.3239, 0.2229, 0.2328],\n",
      "        [0.2374, 0.3663, 0.2277, 0.1686],\n",
      "        [0.2416, 0.3517, 0.2010, 0.2058],\n",
      "        [0.2474, 0.3497, 0.2138, 0.1891],\n",
      "        [0.2177, 0.3100, 0.2355, 0.2368],\n",
      "        [0.2516, 0.3087, 0.2005, 0.2392]], device='cuda:0',\n",
      "       grad_fn=<SoftmaxBackward0>)\n",
      "output would be: tensor([[0.2341, 0.3099, 0.2303, 0.2257],\n",
      "        [0.2413, 0.3226, 0.2180, 0.2181],\n",
      "        [0.2323, 0.2807, 0.2391, 0.2479],\n",
      "        [0.2783, 0.2916, 0.2053, 0.2248],\n",
      "        [0.2150, 0.2507, 0.2689, 0.2654],\n",
      "        [0.2691, 0.2775, 0.2427, 0.2107],\n",
      "        [0.2184, 0.2534, 0.2542, 0.2740],\n",
      "        [0.2863, 0.2763, 0.2455, 0.1919]], device='cuda:0',\n",
      "       grad_fn=<SoftmaxBackward0>)\n",
      "output would be: tensor([[0.2629, 0.3092, 0.2300, 0.1979],\n",
      "        [0.2521, 0.3067, 0.2216, 0.2196],\n",
      "        [0.2835, 0.3350, 0.2031, 0.1783],\n",
      "        [0.2888, 0.2560, 0.2667, 0.1884],\n",
      "        [0.2315, 0.3285, 0.2207, 0.2193],\n",
      "        [0.2652, 0.3035, 0.2556, 0.1757],\n",
      "        [0.2565, 0.3006, 0.2101, 0.2329],\n",
      "        [0.2200, 0.3026, 0.2557, 0.2217]], device='cuda:0',\n",
      "       grad_fn=<SoftmaxBackward0>)\n",
      "output would be: tensor([[0.3110, 0.2551, 0.2592, 0.1747],\n",
      "        [0.2510, 0.3285, 0.2209, 0.1996],\n",
      "        [0.2711, 0.2983, 0.2158, 0.2148],\n",
      "        [0.2167, 0.2382, 0.2496, 0.2955],\n",
      "        [0.2697, 0.2955, 0.2281, 0.2067],\n",
      "        [0.2413, 0.3019, 0.2216, 0.2351],\n",
      "        [0.2117, 0.3033, 0.2178, 0.2673],\n",
      "        [0.2802, 0.3135, 0.2096, 0.1967]], device='cuda:0',\n",
      "       grad_fn=<SoftmaxBackward0>)\n",
      "output would be: tensor([[0.3003, 0.2903, 0.2399, 0.1694],\n",
      "        [0.3023, 0.2732, 0.2560, 0.1685],\n",
      "        [0.2695, 0.2976, 0.2498, 0.1831],\n",
      "        [0.2847, 0.2558, 0.2692, 0.1903],\n",
      "        [0.2962, 0.2798, 0.2154, 0.2087],\n",
      "        [0.2582, 0.3452, 0.2441, 0.1525],\n",
      "        [0.2785, 0.2907, 0.2437, 0.1871],\n",
      "        [0.2758, 0.2636, 0.2561, 0.2044]], device='cuda:0',\n",
      "       grad_fn=<SoftmaxBackward0>)\n",
      "output would be: tensor([[0.2415, 0.3010, 0.2579, 0.1996],\n",
      "        [0.2501, 0.2980, 0.2503, 0.2016],\n",
      "        [0.2632, 0.2583, 0.2896, 0.1889],\n",
      "        [0.3003, 0.2721, 0.2440, 0.1835],\n",
      "        [0.2776, 0.3284, 0.2317, 0.1623],\n",
      "        [0.2848, 0.2985, 0.2379, 0.1788],\n",
      "        [0.2754, 0.3063, 0.2494, 0.1689],\n",
      "        [0.2569, 0.2535, 0.2664, 0.2233]], device='cuda:0',\n",
      "       grad_fn=<SoftmaxBackward0>)\n",
      "output would be: tensor([[0.3714, 0.2572, 0.2425, 0.1289],\n",
      "        [0.2829, 0.2842, 0.2422, 0.1907],\n",
      "        [0.2846, 0.3148, 0.2358, 0.1647],\n",
      "        [0.2871, 0.2789, 0.2422, 0.1918],\n",
      "        [0.2328, 0.2434, 0.2441, 0.2797],\n",
      "        [0.2609, 0.2996, 0.2886, 0.1508],\n",
      "        [0.2207, 0.3303, 0.2511, 0.1980],\n",
      "        [0.2881, 0.2887, 0.2023, 0.2209]], device='cuda:0',\n",
      "       grad_fn=<SoftmaxBackward0>)\n",
      "output would be: tensor([[0.2753, 0.2842, 0.2496, 0.1909],\n",
      "        [0.2781, 0.2708, 0.2646, 0.1865],\n",
      "        [0.2771, 0.2699, 0.2578, 0.1952],\n",
      "        [0.2673, 0.2796, 0.2702, 0.1828],\n",
      "        [0.2861, 0.3011, 0.2209, 0.1919],\n",
      "        [0.2515, 0.3080, 0.2499, 0.1907],\n",
      "        [0.2528, 0.3013, 0.2570, 0.1888],\n",
      "        [0.2950, 0.2547, 0.2827, 0.1676]], device='cuda:0',\n",
      "       grad_fn=<SoftmaxBackward0>)\n",
      "output would be: tensor([[0.2616, 0.3075, 0.2486, 0.1823],\n",
      "        [0.2875, 0.3082, 0.2330, 0.1713],\n",
      "        [0.2740, 0.2766, 0.2555, 0.1938],\n",
      "        [0.2690, 0.2527, 0.2601, 0.2182],\n",
      "        [0.2324, 0.3099, 0.2664, 0.1914],\n",
      "        [0.2274, 0.2699, 0.2347, 0.2680],\n",
      "        [0.2446, 0.3080, 0.2440, 0.2035],\n",
      "        [0.2508, 0.3234, 0.2614, 0.1644]], device='cuda:0',\n",
      "       grad_fn=<SoftmaxBackward0>)\n",
      "output would be: tensor([[0.2731, 0.2818, 0.2645, 0.1806],\n",
      "        [0.2883, 0.2926, 0.2643, 0.1548],\n",
      "        [0.2577, 0.3131, 0.2483, 0.1809],\n",
      "        [0.2364, 0.2729, 0.2311, 0.2595],\n",
      "        [0.3119, 0.2974, 0.2321, 0.1586],\n",
      "        [0.2862, 0.2644, 0.2892, 0.1603],\n",
      "        [0.2809, 0.2592, 0.2267, 0.2332],\n",
      "        [0.2451, 0.2944, 0.2677, 0.1928]], device='cuda:0',\n",
      "       grad_fn=<SoftmaxBackward0>)\n",
      "output would be: tensor([[0.2319, 0.3450, 0.2688, 0.1542],\n",
      "        [0.2678, 0.2991, 0.1788, 0.2542],\n",
      "        [0.2792, 0.3029, 0.2808, 0.1370],\n",
      "        [0.2601, 0.3200, 0.2432, 0.1767],\n",
      "        [0.3094, 0.2896, 0.2549, 0.1460],\n",
      "        [0.2353, 0.3222, 0.2649, 0.1776],\n",
      "        [0.2475, 0.3283, 0.2698, 0.1543],\n",
      "        [0.2503, 0.3110, 0.2760, 0.1627]], device='cuda:0',\n",
      "       grad_fn=<SoftmaxBackward0>)\n",
      "output would be: tensor([[0.3263, 0.2645, 0.2750, 0.1343],\n",
      "        [0.2951, 0.2545, 0.2754, 0.1749],\n",
      "        [0.2715, 0.2819, 0.2772, 0.1694],\n",
      "        [0.2644, 0.2726, 0.2529, 0.2102],\n",
      "        [0.2854, 0.2873, 0.2533, 0.1740],\n",
      "        [0.2567, 0.3087, 0.2507, 0.1839],\n",
      "        [0.2241, 0.2520, 0.2165, 0.3074],\n",
      "        [0.2780, 0.3000, 0.2595, 0.1625]], device='cuda:0',\n",
      "       grad_fn=<SoftmaxBackward0>)\n",
      "output would be: tensor([[0.2233, 0.3052, 0.2841, 0.1874],\n",
      "        [0.2592, 0.3095, 0.2431, 0.1882],\n",
      "        [0.2881, 0.3107, 0.2461, 0.1551],\n",
      "        [0.2742, 0.2720, 0.2893, 0.1644],\n",
      "        [0.2986, 0.2505, 0.3183, 0.1325],\n",
      "        [0.3056, 0.2919, 0.2453, 0.1571],\n",
      "        [0.2625, 0.2959, 0.2356, 0.2060],\n",
      "        [0.2590, 0.3144, 0.2663, 0.1602]], device='cuda:0',\n",
      "       grad_fn=<SoftmaxBackward0>)\n",
      "output would be: tensor([[0.3251, 0.2771, 0.2563, 0.1415],\n",
      "        [0.2379, 0.2856, 0.3020, 0.1746],\n",
      "        [0.2745, 0.3065, 0.2760, 0.1429],\n",
      "        [0.2556, 0.2791, 0.2712, 0.1942],\n",
      "        [0.2922, 0.2943, 0.2626, 0.1508],\n",
      "        [0.2594, 0.2882, 0.2918, 0.1605],\n",
      "        [0.2715, 0.2965, 0.2904, 0.1416],\n",
      "        [0.2618, 0.2749, 0.2687, 0.1945]], device='cuda:0',\n",
      "       grad_fn=<SoftmaxBackward0>)\n",
      "output would be: tensor([[0.2478, 0.3180, 0.2897, 0.1444],\n",
      "        [0.2566, 0.2867, 0.2713, 0.1854],\n",
      "        [0.2720, 0.2932, 0.2666, 0.1682],\n",
      "        [0.1948, 0.2910, 0.2330, 0.2811],\n",
      "        [0.2622, 0.2746, 0.2774, 0.1858],\n",
      "        [0.2393, 0.3368, 0.2753, 0.1485],\n",
      "        [0.2744, 0.2747, 0.2778, 0.1732],\n",
      "        [0.2155, 0.2826, 0.2688, 0.2331]], device='cuda:0',\n",
      "       grad_fn=<SoftmaxBackward0>)\n",
      "output would be: tensor([[0.2802, 0.3161, 0.2316, 0.1721],\n",
      "        [0.2103, 0.2847, 0.2388, 0.2662],\n",
      "        [0.2664, 0.2877, 0.2795, 0.1663],\n",
      "        [0.2624, 0.2989, 0.2407, 0.1980],\n",
      "        [0.2954, 0.2965, 0.2699, 0.1382],\n",
      "        [0.2668, 0.2805, 0.2816, 0.1711],\n",
      "        [0.2863, 0.2982, 0.2672, 0.1482],\n",
      "        [0.2732, 0.2962, 0.2729, 0.1577]], device='cuda:0',\n",
      "       grad_fn=<SoftmaxBackward0>)\n",
      "output would be: tensor([[0.2283, 0.2955, 0.2703, 0.2059],\n",
      "        [0.3163, 0.2962, 0.2622, 0.1253],\n",
      "        [0.2568, 0.2641, 0.2888, 0.1903],\n",
      "        [0.2763, 0.2629, 0.2618, 0.1990],\n",
      "        [0.2562, 0.3050, 0.2545, 0.1843],\n",
      "        [0.2389, 0.2473, 0.2552, 0.2587],\n",
      "        [0.2719, 0.3084, 0.2885, 0.1311],\n",
      "        [0.2658, 0.2820, 0.2617, 0.1905]], device='cuda:0',\n",
      "       grad_fn=<SoftmaxBackward0>)\n",
      "output would be: tensor([[0.2638, 0.3303, 0.2329, 0.1730],\n",
      "        [0.2869, 0.2797, 0.2565, 0.1770],\n",
      "        [0.2837, 0.2699, 0.3110, 0.1354],\n",
      "        [0.2861, 0.2765, 0.2134, 0.2241],\n",
      "        [0.2654, 0.2786, 0.2201, 0.2360],\n",
      "        [0.3014, 0.2513, 0.2982, 0.1491],\n",
      "        [0.2445, 0.3243, 0.2341, 0.1971],\n",
      "        [0.2559, 0.2889, 0.2932, 0.1620]], device='cuda:0',\n",
      "       grad_fn=<SoftmaxBackward0>)\n",
      "output would be: tensor([[0.3267, 0.2928, 0.2352, 0.1453],\n",
      "        [0.2271, 0.3252, 0.2709, 0.1767],\n",
      "        [0.2700, 0.2993, 0.2539, 0.1767],\n",
      "        [0.2886, 0.3095, 0.2693, 0.1326],\n",
      "        [0.2819, 0.2891, 0.2682, 0.1609],\n",
      "        [0.2914, 0.2956, 0.2777, 0.1353],\n",
      "        [0.2881, 0.2773, 0.2909, 0.1437],\n",
      "        [0.2739, 0.3063, 0.2788, 0.1410]], device='cuda:0',\n",
      "       grad_fn=<SoftmaxBackward0>)\n",
      "output would be: tensor([[0.2667, 0.3144, 0.2583, 0.1606],\n",
      "        [0.2607, 0.2723, 0.2252, 0.2417],\n",
      "        [0.2682, 0.2807, 0.2879, 0.1633],\n",
      "        [0.2291, 0.2570, 0.2667, 0.2472],\n",
      "        [0.2540, 0.3128, 0.2728, 0.1604],\n",
      "        [0.2414, 0.2926, 0.2712, 0.1948],\n",
      "        [0.3724, 0.2385, 0.2588, 0.1303],\n",
      "        [0.3074, 0.2997, 0.2545, 0.1384]], device='cuda:0',\n",
      "       grad_fn=<SoftmaxBackward0>)\n",
      "output would be: tensor([[0.2705, 0.2987, 0.2933, 0.1375],\n",
      "        [0.2097, 0.3217, 0.2175, 0.2511],\n",
      "        [0.2913, 0.2762, 0.2977, 0.1347],\n",
      "        [0.2880, 0.2596, 0.2971, 0.1553],\n",
      "        [0.2249, 0.2974, 0.2450, 0.2327],\n",
      "        [0.2774, 0.2769, 0.2548, 0.1909],\n",
      "        [0.2870, 0.3238, 0.2551, 0.1342],\n",
      "        [0.2516, 0.2684, 0.2931, 0.1870]], device='cuda:0',\n",
      "       grad_fn=<SoftmaxBackward0>)\n",
      "output would be: tensor([[0.2795, 0.2676, 0.2665, 0.1864],\n",
      "        [0.2787, 0.2983, 0.2442, 0.1788],\n",
      "        [0.2606, 0.2460, 0.3296, 0.1638],\n",
      "        [0.2325, 0.2471, 0.2986, 0.2219],\n",
      "        [0.2410, 0.3076, 0.2179, 0.2334],\n",
      "        [0.2985, 0.2679, 0.2877, 0.1460],\n",
      "        [0.2637, 0.3081, 0.2641, 0.1641],\n",
      "        [0.2344, 0.3081, 0.2706, 0.1869]], device='cuda:0',\n",
      "       grad_fn=<SoftmaxBackward0>)\n",
      "output would be: tensor([[0.2959, 0.3150, 0.2812, 0.1079],\n",
      "        [0.2700, 0.3090, 0.2767, 0.1444],\n",
      "        [0.2188, 0.3153, 0.2320, 0.2340],\n",
      "        [0.2562, 0.3262, 0.2763, 0.1413],\n",
      "        [0.2637, 0.3153, 0.2543, 0.1667],\n",
      "        [0.2381, 0.2739, 0.3185, 0.1694],\n",
      "        [0.2921, 0.2643, 0.2781, 0.1655],\n",
      "        [0.3075, 0.2744, 0.2905, 0.1276]], device='cuda:0',\n",
      "       grad_fn=<SoftmaxBackward0>)\n",
      "output would be: tensor([[0.2531, 0.2904, 0.3197, 0.1368],\n",
      "        [0.2956, 0.2613, 0.3025, 0.1406],\n",
      "        [0.2832, 0.3060, 0.2851, 0.1257],\n",
      "        [0.2728, 0.2642, 0.2958, 0.1672],\n",
      "        [0.2696, 0.3140, 0.2462, 0.1702],\n",
      "        [0.2559, 0.2818, 0.3336, 0.1287],\n",
      "        [0.2863, 0.3067, 0.2703, 0.1367],\n",
      "        [0.2705, 0.2746, 0.3233, 0.1317]], device='cuda:0',\n",
      "       grad_fn=<SoftmaxBackward0>)\n",
      "output would be: tensor([[0.2980, 0.2872, 0.2761, 0.1387],\n",
      "        [0.2634, 0.2896, 0.2985, 0.1484],\n",
      "        [0.2799, 0.2713, 0.2670, 0.1817],\n",
      "        [0.2041, 0.2805, 0.2624, 0.2531],\n",
      "        [0.2729, 0.2800, 0.3050, 0.1420],\n",
      "        [0.2593, 0.3034, 0.2649, 0.1724],\n",
      "        [0.2184, 0.2503, 0.2597, 0.2716],\n",
      "        [0.2351, 0.2678, 0.2373, 0.2598]], device='cuda:0',\n",
      "       grad_fn=<SoftmaxBackward0>)\n",
      "output would be: tensor([[0.1962, 0.2832, 0.2121, 0.3084],\n",
      "        [0.2910, 0.2863, 0.2572, 0.1655],\n",
      "        [0.1876, 0.2665, 0.2745, 0.2714],\n",
      "        [0.2810, 0.3000, 0.2719, 0.1470],\n",
      "        [0.3103, 0.2691, 0.2761, 0.1445],\n",
      "        [0.2547, 0.3102, 0.2904, 0.1447],\n",
      "        [0.2675, 0.2656, 0.3234, 0.1435],\n",
      "        [0.2676, 0.2730, 0.3068, 0.1526]], device='cuda:0',\n",
      "       grad_fn=<SoftmaxBackward0>)\n",
      "output would be: tensor([[0.2614, 0.2876, 0.2856, 0.1654],\n",
      "        [0.3353, 0.2712, 0.2451, 0.1485],\n",
      "        [0.2536, 0.2786, 0.2177, 0.2501],\n",
      "        [0.2573, 0.2365, 0.3019, 0.2043],\n",
      "        [0.2778, 0.2986, 0.2862, 0.1374],\n",
      "        [0.2210, 0.3097, 0.2717, 0.1976],\n",
      "        [0.2399, 0.2937, 0.3062, 0.1602],\n",
      "        [0.3091, 0.3182, 0.2336, 0.1392]], device='cuda:0',\n",
      "       grad_fn=<SoftmaxBackward0>)\n",
      "output would be: tensor([[0.2816, 0.2739, 0.2965, 0.1481],\n",
      "        [0.2755, 0.3130, 0.2579, 0.1536],\n",
      "        [0.2613, 0.2744, 0.3042, 0.1601],\n",
      "        [0.2274, 0.2786, 0.3214, 0.1726],\n",
      "        [0.2534, 0.2546, 0.3181, 0.1738],\n",
      "        [0.2380, 0.2708, 0.3294, 0.1618],\n",
      "        [0.2732, 0.2678, 0.3058, 0.1532],\n",
      "        [0.2789, 0.2388, 0.2960, 0.1862]], device='cuda:0',\n",
      "       grad_fn=<SoftmaxBackward0>)\n",
      "output would be: tensor([[0.2527, 0.2623, 0.3050, 0.1800],\n",
      "        [0.2410, 0.3200, 0.2735, 0.1656],\n",
      "        [0.2480, 0.2896, 0.2659, 0.1965],\n",
      "        [0.2384, 0.2945, 0.3227, 0.1443],\n",
      "        [0.2214, 0.3153, 0.3242, 0.1390],\n",
      "        [0.2425, 0.2976, 0.2791, 0.1808],\n",
      "        [0.2967, 0.2618, 0.2713, 0.1701],\n",
      "        [0.2583, 0.2429, 0.3045, 0.1943]], device='cuda:0',\n",
      "       grad_fn=<SoftmaxBackward0>)\n",
      "output would be: tensor([[0.2363, 0.2887, 0.2878, 0.1873],\n",
      "        [0.2476, 0.3028, 0.2665, 0.1831],\n",
      "        [0.2320, 0.2647, 0.2931, 0.2102],\n",
      "        [0.2354, 0.2953, 0.2955, 0.1737],\n",
      "        [0.2825, 0.2683, 0.2993, 0.1498],\n",
      "        [0.2480, 0.2595, 0.2886, 0.2039],\n",
      "        [0.2495, 0.2678, 0.2745, 0.2082],\n",
      "        [0.2503, 0.2677, 0.2678, 0.2141]], device='cuda:0',\n",
      "       grad_fn=<SoftmaxBackward0>)\n",
      "output would be: tensor([[0.2820, 0.2729, 0.2504, 0.1947],\n",
      "        [0.2546, 0.2996, 0.2627, 0.1831],\n",
      "        [0.2491, 0.2509, 0.3242, 0.1759],\n",
      "        [0.2943, 0.2338, 0.3347, 0.1372],\n",
      "        [0.2667, 0.2649, 0.3030, 0.1654],\n",
      "        [0.2400, 0.2687, 0.2713, 0.2200],\n",
      "        [0.2654, 0.2262, 0.3188, 0.1896],\n",
      "        [0.2733, 0.2705, 0.2947, 0.1615]], device='cuda:0',\n",
      "       grad_fn=<SoftmaxBackward0>)\n",
      "output would be: tensor([[0.2236, 0.2762, 0.2771, 0.2231],\n",
      "        [0.2612, 0.2838, 0.2792, 0.1758],\n",
      "        [0.2288, 0.2761, 0.2971, 0.1980],\n",
      "        [0.2659, 0.2908, 0.2880, 0.1553],\n",
      "        [0.2571, 0.2338, 0.3166, 0.1925],\n",
      "        [0.2355, 0.2874, 0.1976, 0.2795],\n",
      "        [0.2371, 0.2877, 0.3004, 0.1748],\n",
      "        [0.2487, 0.2741, 0.3314, 0.1458]], device='cuda:0',\n",
      "       grad_fn=<SoftmaxBackward0>)\n",
      "output would be: tensor([[0.2491, 0.3151, 0.2745, 0.1614],\n",
      "        [0.2151, 0.2824, 0.2314, 0.2710],\n",
      "        [0.2806, 0.2525, 0.2676, 0.1994],\n",
      "        [0.2212, 0.2969, 0.3101, 0.1718],\n",
      "        [0.2656, 0.2864, 0.2584, 0.1897],\n",
      "        [0.2553, 0.2885, 0.2824, 0.1738],\n",
      "        [0.2755, 0.2443, 0.3061, 0.1741],\n",
      "        [0.2840, 0.2410, 0.2379, 0.2371]], device='cuda:0',\n",
      "       grad_fn=<SoftmaxBackward0>)\n",
      "output would be: tensor([[0.2368, 0.2697, 0.2908, 0.2027],\n",
      "        [0.2741, 0.2559, 0.2878, 0.1823],\n",
      "        [0.2433, 0.2909, 0.3018, 0.1640],\n",
